vb
       2014    2015    2016    2017    2018    2019    2020    2021    2022    2023    2024
0.0  440860  440860  441980  442081  442213  442327  442487  442570  442685  442755  442864
1.0   15394   15394   14322   14222   14091   13978   13822   13741   13627   13557   13450
2.0     210     210     162     161     160     159     156     154     153     153     151
3.0       1       1       1       1       1       1       0       0       0       0       0

ss
       2014    2015    2016    2017    2018    2019    2020    2021    2022    2023    2024
0.0  328317  326525  326111  325606  325403  325331  325242  325242  324970  324803  324728
1.0   83781   84533   84328   84234   84211   84192   84185   84185   84139   84113   84097
2.0   44108   44607   44462   44418   44394   44391   44389   44389   44366   44361   44340
3.0     258     473     472     474     475     474     473     473     473     473     473
4.0       1      68      68      68      69      69      69      69      66      65      65

medicaid
        2014    2015    2016    2017    2018    2019    2020    2021    2022    2023    2024
0.0   392005  388485  387573  387573  387573  386957  386957  386957  386957  386957  386957
1.0    32353   34347   34984   34984   34984   35390   35390   35390   35390   35390   35390
2.0    16027   16313   16503   16503   16503   16602   16602   16602   16602   16602   16602
3.0     7810    8183    8240    8240    8240    8271    8271    8271    8271    8271    8271
4.0     4910    5337    5358    5358    5358    5408    5408    5408    5408    5408    5408
5.0     2085    2346    2352    2352    2352    2371    2371    2371    2371    2371    2371
6.0      775     871     872     872     872     877     877     877     877     877     877
7.0      351     419     419     419     419     425     425     425     425     425     425
8.0       86      97      97      97      97      96      96      96      96      96      96
9.0       30      33      33      33      33      34      34      34      34      34      34
11.0      20      21      21      21      21      21      21      21      21      21      21
10.0      10       9       9       9       9       9       9       9       9       9       9
12.0       2       3       3       3       3       3       3       3       3       3       3
14.0       1       1       1       1       1       1       1       1       1       1       1

medicare
       2014    2015    2016    2017    2018    2019    2020    2021    2022    2023    2024
0.0  344758  342573  339832  337965  336186  334385  332111  329739  327392  325338  323332
1.0   71106   73109   75094   76324   77319   78511   80682   82909   85152   87003   88823
2.0   40148   40310   41060   41693   42471   43073   43172   43311   43412   43605   43784
3.0     349     369     359     363     369     376     380     386     388     395     402
4.0      49      49      65      64      64      64      64      64      65      67      67
7.0      31      31      31      31      31      31      31      31      31      32      32
5.0      16      16      16      17      17      16      16      16      16      16      16
6.0       7       7       7       7       7       8       8       8       8       8       8
8.0       1       1       1       1       1       1       1       1       1       1       1

snap
        2014    2015    2016    2017    2018    2019    2020    2021    2022    2023    2024
0.0   408953  410079  412791  413483  414187  414915  415626  416229  416892  417594  418304
1.0    34020   33272   31160   30597   29967   29322   28736   28205   27631   26976   26322
2.0     6932    6675    6251    6168    6113    6054    5952    5903    5853    5830    5796
3.0     2811    2719    2608    2575    2563    2550    2534    2518    2503    2493    2477
4.0     1919    1901    1859    1852    1848    1840    1836    1830    1810    1802    1798
5.0     1083    1076    1056    1051    1050    1047    1044    1044    1042    1039    1037
6.0      479     475     472     472     471     471     471     470     469     467     467
7.0      175     175     175     174     174     174     174     174     173     172     172
8.0       58      58      58      58      57      57      57      57      57      57      57
9.0       26      26      26      26      26      26      26      26      26      26      26
11.0       5       5       5       5       5       5       5       5       5       5       5
10.0       3       3       3       3       3       3       3       3       3       3       3
12.0       1       1       1       1       1       1       1       1       1       1       1

ssi
       2014    2015    2016    2017    2018    2019    2020    2021    2022    2023    2024
0.0  443520  443520  443771  443995  444219  444219  444463  444463  444705  444705  444851
1.0   11643   11643   11443   11262   11080   11080   10876   10876   10646   10646   10507
2.0    1206    1206    1164    1134    1099    1099    1059    1059    1048    1048    1042
3.0      89      89      81      69      62      62      62      62      61      61      60
4.0       7       7       6       5       5       5       5       5       5       5       5

